B6x10 = [-0.6e1 / 0.7e1 0.79941e5 / 0.64057e5 -0.10760e5 / 0.64057e5 -0.128208e6 / 0.448399e6 -0.53293e5 / 0.448399e6 0.50354e5 / 0.448399e6 0.83662e5 / 0.448399e6 -0.52440e5 / 0.448399e6 0 0; -0.23320824e8 / 0.48931073317e11 -0.844188012529796e15 / 0.447768251923867e15 0.13871434214024360e17 / 0.3134377763467069e16 -0.8930015575492192e16 / 0.3134377763467069e16 -0.501299967946716e15 / 0.447768251923867e15 0.3241132241026776e16 / 0.3134377763467069e16 0.4868470221187288e16 / 0.3134377763467069e16 -0.5079296088427360e16 / 0.3134377763467069e16 0.206883530434240e15 / 0.447768251923867e15 0; -0.10055979406633465888e20 / 0.34779060801193295909e20 0.1950622942663510037864656e25 / 0.318263185391719850863259e24 -0.31251385464410967996353840e26 / 0.2227842297742038956042813e25 0.58070418839537418290704508e26 / 0.6683526893226116868128439e25 0.43745870180302213501533472e26 / 0.6683526893226116868128439e25 -0.39760575751690791519726644e26 / 0.6683526893226116868128439e25 -0.55147577630709057063619984e26 / 0.6683526893226116868128439e25 0.25801504337615316142840480e26 / 0.2227842297742038956042813e25 -0.1456886528411466879471536e25 / 0.318263185391719850863259e24 0.5239745192e10 / 0.34828052273e11; 0.5239745192e10 / 0.34828052273e11 -0.1456886528411466879471536e25 / 0.318263185391719850863259e24 0.25801504337615316142840480e26 / 0.2227842297742038956042813e25 -0.55147577630709057063619984e26 / 0.6683526893226116868128439e25 -0.39760575751690791519726644e26 / 0.6683526893226116868128439e25 0.43745870180302213501533472e26 / 0.6683526893226116868128439e25 0.58070418839537418290704508e26 / 0.6683526893226116868128439e25 -0.31251385464410967996353840e26 / 0.2227842297742038956042813e25 0.1950622942663510037864656e25 / 0.318263185391719850863259e24 -0.10055979406633465888e20 / 0.34779060801193295909e20; 0 0.206883530434240e15 / 0.447768251923867e15 -0.5079296088427360e16 / 0.3134377763467069e16 0.4868470221187288e16 / 0.3134377763467069e16 0.3241132241026776e16 / 0.3134377763467069e16 -0.501299967946716e15 / 0.447768251923867e15 -0.8930015575492192e16 / 0.3134377763467069e16 0.13871434214024360e17 / 0.3134377763467069e16 -0.844188012529796e15 / 0.447768251923867e15 -0.23320824e8 / 0.48931073317e11; 0 0 -0.52440e5 / 0.448399e6 0.83662e5 / 0.448399e6 0.50354e5 / 0.448399e6 -0.53293e5 / 0.448399e6 -0.128208e6 / 0.448399e6 -0.10760e5 / 0.64057e5 0.79941e5 / 0.64057e5 -0.6e1 / 0.7e1;];

B8x13 = [-0.4e1 / 0.5e1 0.402904e6 / 0.349435e6 -0.51377e5 / 0.349435e6 -0.5273336e7 / 0.22014405e8 -0.2681596e7 / 0.22014405e8 0.1295432e7 / 0.22014405e8 0.1138237e7 / 0.7338135e7 0.433204e6 / 0.22014405e8 -0.328208e6 / 0.3144915e7 0.82052e5 / 0.3144915e7 0 0 0; 0 0.482359912268117373e18 / 0.638881580559510530e18 -0.673297013168926612487e21 / 0.406328685235848697080e21 0.89863317308847747259e20 / 0.101582171308962174270e21 0.91070992352829007463e20 / 0.203164342617924348540e21 -0.150193816253111050e18 / 0.923474284626928857e18 -0.9563452791637987795e19 / 0.20316434261792434854e20 0.137530291103804767e18 / 0.101582171308962174270e21 0.76227283567388673293e20 / 0.203164342617924348540e21 -0.11559175328381511208e20 / 0.50791085654481087135e20 0.311129456656361e15 / 0.5814081091416840e16 0 0; 0 -0.16390394530246518078517368806673e32 / 0.39731198206573447157520726005150e32 0.1721851943217693036618468812593157e34 / 0.3718840152135274653943939954082040e34 0.36164282993079923170683529219054327e35 / 0.32539851331183653222009474598217850e35 -0.143180583332005723230176107534064191e36 / 0.65079702662367306444018949196435700e35 0.86183163963075200269529313552412e32 / 0.211297735916776968974087497391025e33 0.10485990927106337575446236498195411e35 / 0.6507970266236730644401894919643570e34 -0.2387493302515605692188215759226061e34 / 0.4648550190169093317429924942602550e34 -0.6850766996372522598228717103755173e34 / 0.3828217803668665084942291129202100e34 0.31898126060401420699772948018327726e35 / 0.16269925665591826611004737299108925e35 -0.2558198511139917170551420086247873e34 / 0.3718840152135274653943939954082040e34 0.2154845335137636483e19 / 0.43461798454590991850e20 0; 0 -0.31695945705133230830695776e26 / 0.348752921468988725702002675e27 0.14966842485089044841212901111e29 / 0.99813086124424573295913165585e29 0.569602542333382703419264377172e30 / 0.3493458014354860065356960795475e31 -0.2225166903642703620916913094338e31 / 0.3493458014354860065356960795475e31 0.639883267924880440722870737488e30 / 0.3493458014354860065356960795475e31 0.6616421597144129800253e22 / 0.6219383358851970933735e22 -0.2146840158964319499164791406732e31 / 0.3493458014354860065356960795475e31 -0.300274739851294763538604296664e30 / 0.205497530256168239138644752675e30 0.6688380705314431665145522873372e31 / 0.3493458014354860065356960795475e31 -0.14929646743595350318738394618e29 / 0.19962617224884914659182633117e29 0.26822578960803518283116934e26 / 0.348752921468988725702002675e27 0; 0 0.26822578960803518283116934e26 / 0.348752921468988725702002675e27 -0.14929646743595350318738394618e29 / 0.19962617224884914659182633117e29 0.6688380705314431665145522873372e31 / 0.3493458014354860065356960795475e31 -0.300274739851294763538604296664e30 / 0.205497530256168239138644752675e30 -0.2146840158964319499164791406732e31 / 0.3493458014354860065356960795475e31 0.6616421597144129800253e22 / 0.6219383358851970933735e22 0.639883267924880440722870737488e30 / 0.3493458014354860065356960795475e31 -0.2225166903642703620916913094338e31 / 0.3493458014354860065356960795475e31 0.569602542333382703419264377172e30 / 0.3493458014354860065356960795475e31 0.14966842485089044841212901111e29 / 0.99813086124424573295913165585e29 -0.31695945705133230830695776e26 / 0.348752921468988725702002675e27 0; 0 0.2154845335137636483e19 / 0.43461798454590991850e20 -0.2558198511139917170551420086247873e34 / 0.3718840152135274653943939954082040e34 0.31898126060401420699772948018327726e35 / 0.16269925665591826611004737299108925e35 -0.6850766996372522598228717103755173e34 / 0.3828217803668665084942291129202100e34 -0.2387493302515605692188215759226061e34 / 0.4648550190169093317429924942602550e34 0.10485990927106337575446236498195411e35 / 0.6507970266236730644401894919643570e34 0.86183163963075200269529313552412e32 / 0.211297735916776968974087497391025e33 -0.143180583332005723230176107534064191e36 / 0.65079702662367306444018949196435700e35 0.36164282993079923170683529219054327e35 / 0.32539851331183653222009474598217850e35 0.1721851943217693036618468812593157e34 / 0.3718840152135274653943939954082040e34 -0.16390394530246518078517368806673e32 / 0.39731198206573447157520726005150e32 0; 0 0 0.311129456656361e15 / 0.5814081091416840e16 -0.11559175328381511208e20 / 0.50791085654481087135e20 0.76227283567388673293e20 / 0.203164342617924348540e21 0.137530291103804767e18 / 0.101582171308962174270e21 -0.9563452791637987795e19 / 0.20316434261792434854e20 -0.150193816253111050e18 / 0.923474284626928857e18 0.91070992352829007463e20 / 0.203164342617924348540e21 0.89863317308847747259e20 / 0.101582171308962174270e21 -0.673297013168926612487e21 / 0.406328685235848697080e21 0.482359912268117373e18 / 0.638881580559510530e18 0; 0 0 0 0.82052e5 / 0.3144915e7 -0.328208e6 / 0.3144915e7 0.433204e6 / 0.22014405e8 0.1138237e7 / 0.7338135e7 0.1295432e7 / 0.22014405e8 -0.2681596e7 / 0.22014405e8 -0.5273336e7 / 0.22014405e8 -0.51377e5 / 0.349435e6 0.402904e6 / 0.349435e6 -0.4e1 / 0.5e1;];

