Q10x6 = [0 0 0 0 0 0; 1 0 0 0 0 0; 0.1162776307e10 / 0.1628081170e10 0.998593333e9 / 0.6512324680e10 0 0 0 0; 0.72883734e8 / 0.162808117e9 -0.164683705e9 / 0.325616234e9 -0.304618533e9 / 0.2619872596e10 0 0 0; 0 1 1 0.998593333e9 / 0.1309936298e10 0 0; 0 0 0.998593333e9 / 0.1309936298e10 1 1 0; 0 0 0 -0.304618533e9 / 0.2619872596e10 -0.164683705e9 / 0.325616234e9 0.72883734e8 / 0.162808117e9; 0 0 0 0 0.998593333e9 / 0.6512324680e10 0.1162776307e10 / 0.1628081170e10; 0 0 0 0 0 1; 0 0 0 0 0 0;];

Q13x8 = [0 0 0 0 0 0 0 0; 1 0 0 0 0 0 0 0; 0.3e1 / 0.5e1 -0.7313309548952e13 / 0.17011938699315e14 0 0 0 0 0 0; 0.6e1 / 0.25e2 0.31215482271251e14 / 0.85059693496575e14 0.161690551865063e15 / 0.873184753682485e15 0 0 0 0 0; 0.3e1 / 0.50e2 0.23842567048394e14 / 0.85059693496575e14 -0.501466903585118e15 / 0.873184753682485e15 0.48146133e8 / 0.56795414e8 0 0 0 0; 0 1 1 -0.96958557507893e14 / 0.171397086778372e15 -0.12437734758851e14 / 0.13184391290644e14 0 0 0; 0 0 -0.95073024136376e14 / 0.174636950736497e15 1 1 -0.95073024136376e14 / 0.174636950736497e15 0 0; 0 0 0 -0.12437734758851e14 / 0.13184391290644e14 -0.96958557507893e14 / 0.171397086778372e15 1 1 0; 0 0 0 0 0.48146133e8 / 0.56795414e8 -0.501466903585118e15 / 0.873184753682485e15 0.23842567048394e14 / 0.85059693496575e14 0.3e1 / 0.50e2; 0 0 0 0 0 0.161690551865063e15 / 0.873184753682485e15 0.31215482271251e14 / 0.85059693496575e14 0.6e1 / 0.25e2; 0 0 0 0 0 0 -0.7313309548952e13 / 0.17011938699315e14 0.3e1 / 0.5e1; 0 0 0 0 0 0 0 1; 0 0 0 0 0 0 0 0;];

Q16x10 = [0 0 0 0 0 0 0 0 0 0; 1 0 0 0 0 0 0 0 0 0; 0.3e1 / 0.5e1 -0.393974574832e12 / 0.747369035595e12 0 0 0 0 0 0 0 0; 0.6e1 / 0.25e2 0.4114956295097e13 / 0.7473690355950e13 0.2107064356601e13 / 0.8299583726350e13 0 0 0 0 0 0 0; 0.3e1 / 0.50e2 0.1872850412059e13 / 0.3736845177975e13 -0.1686582765613e13 / 0.4149791863175e13 1 0 0 0 0 0 0; 0 1 1 -0.2171401206628e13 / 0.2527545947589e13 1 0 0 0 0 0; 0 0 -0.393974574832e12 / 0.829958372635e12 0.2244255839042e13 / 0.2527545947589e13 -0.586560925474890577e18 / 0.890414632921558547e18 -0.149309721761924997e18 / 0.890414632921558547e18 0 0 0 0; 0 0 0 -0.2107064356601e13 / 0.5055091895178e13 -0.224966250395740549e18 / 0.3561658531686234188e19 -0.943835365233368517e18 / 0.3561658531686234188e19 0 0 0 0; 0 0 0 0 -0.943835365233368517e18 / 0.3561658531686234188e19 -0.224966250395740549e18 / 0.3561658531686234188e19 -0.2107064356601e13 / 0.5055091895178e13 0 0 0; 0 0 0 0 -0.149309721761924997e18 / 0.890414632921558547e18 -0.586560925474890577e18 / 0.890414632921558547e18 0.2244255839042e13 / 0.2527545947589e13 -0.393974574832e12 / 0.829958372635e12 0 0; 0 0 0 0 0 1 -0.2171401206628e13 / 0.2527545947589e13 1 1 0; 0 0 0 0 0 0 1 -0.1686582765613e13 / 0.4149791863175e13 0.1872850412059e13 / 0.3736845177975e13 0.3e1 / 0.50e2; 0 0 0 0 0 0 0 0.2107064356601e13 / 0.8299583726350e13 0.4114956295097e13 / 0.7473690355950e13 0.6e1 / 0.25e2; 0 0 0 0 0 0 0 0 -0.393974574832e12 / 0.747369035595e12 0.3e1 / 0.5e1; 0 0 0 0 0 0 0 0 0 1; 0 0 0 0 0 0 0 0 0 0;];

Q19x12 = [0 0 0 0 0 0 0 0 0 0 0 0; 1 0 0 0 0 0 0 0 0 0 0 0; 0.3e1 / 0.5e1 -0.6546661756e10 / 0.11931766119e11 0 0 0 0 0 0 0 0 0 0; 0.6e1 / 0.25e2 0.7313205547e10 / 0.13257517910e11 0.157482090953e12 / 0.656094166610e12 0 0 0 0 0 0 0 0 0; 0.3e1 / 0.50e2 0.31909753786e11 / 0.59658830595e11 -0.134710994114e12 / 0.328047083305e12 1 0 0 0 0 0 0 0 0; 0 1 1 -0.72199594777e11 / 0.90126593896e11 1 0 0 0 0 0 0 0; 0 0 -0.32733308780e11 / 0.65609416661e11 0.75648819003e11 / 0.90126593896e11 -0.3772812308487371e16 / 0.5718206180950417e16 -0.6139746597384693e16 / 0.11436412361900834e17 0 0 0 0 0 0; 0 0 0 -0.157482090953e12 / 0.360506375584e12 -0.1482286279031303e16 / 0.22872824723801668e17 -0.38811337291371573e17 / 0.45745649447603336e17 0 0 0 0 0 0; 0 0 0 0 -0.1245098894673240e16 / 0.5718206180950417e16 -0.4394274862886035e16 / 0.11436412361900834e17 1 0 0 0 0 0; 0 0 0 0 -0.80843554724712e14 / 0.816886597278631e15 -0.1175821694319577e16 / 0.1633773194557262e16 -0.1175821694319577e16 / 0.1633773194557262e16 -0.80843554724712e14 / 0.816886597278631e15 0 0 0 0; 0 0 0 0 0 1 -0.4394274862886035e16 / 0.11436412361900834e17 -0.1245098894673240e16 / 0.5718206180950417e16 0 0 0 0; 0 0 0 0 0 0 -0.38811337291371573e17 / 0.45745649447603336e17 -0.1482286279031303e16 / 0.22872824723801668e17 -0.157482090953e12 / 0.360506375584e12 0 0 0; 0 0 0 0 0 0 -0.6139746597384693e16 / 0.11436412361900834e17 -0.3772812308487371e16 / 0.5718206180950417e16 0.75648819003e11 / 0.90126593896e11 -0.32733308780e11 / 0.65609416661e11 0 0; 0 0 0 0 0 0 0 1 -0.72199594777e11 / 0.90126593896e11 1 1 0; 0 0 0 0 0 0 0 0 1 -0.134710994114e12 / 0.328047083305e12 0.31909753786e11 / 0.59658830595e11 0.3e1 / 0.50e2; 0 0 0 0 0 0 0 0 0 0.157482090953e12 / 0.656094166610e12 0.7313205547e10 / 0.13257517910e11 0.6e1 / 0.25e2; 0 0 0 0 0 0 0 0 0 0 -0.6546661756e10 / 0.11931766119e11 0.3e1 / 0.5e1; 0 0 0 0 0 0 0 0 0 0 0 1; 0 0 0 0 0 0 0 0 0 0 0 0;];

Q22x14 = [0 0 0 0 0 0 0 0 0 0 0 0 0 0; 1 0 0 0 0 0 0 0 0 0 0 0 0 0; 0.3e1 / 0.5e1 -0.14029782236e11 / 0.25568070255e11 0 0 0 0 0 0 0 0 0 0 0 0; 0.6e1 / 0.25e2 0.46909794457e11 / 0.85226900850e11 0.13410795241e11 / 0.56235421522e11 0 0 0 0 0 0 0 0 0 0 0; 0.3e1 / 0.50e2 0.68779616762e11 / 0.127840351275e12 -0.11438939122e11 / 0.28117710761e11 1 0 0 0 0 0 0 0 0 0 0; 0 1 1 -0.6057337481e10 / 0.7691325680e10 1 0 0 0 0 0 0 0 0 0; 0 0 -0.14029782236e11 / 0.28117710761e11 0.6395904123e10 / 0.7691325680e10 -0.965007121883e12 / 0.1463825361631e13 -0.57417917155317e14 / 0.117106028930480e15 0 0 0 0 0 0 0 0; 0 0 0 -0.13410795241e11 / 0.30765302720e11 -0.10855838319811e14 / 0.169803741949196e15 -0.10525763124611073e17 / 0.13584299355935680e17 0 0 0 0 0 0 0 0; 0 0 0 0 -0.9308042337936e13 / 0.42450935487299e14 -0.857770617902531e15 / 0.2122546774364950e16 1 0 0 0 0 0 0 0; 0 0 0 0 -0.4105437364842e13 / 0.42450935487299e14 -0.9999379481682931e16 / 0.16980374194919600e17 -0.33759201432074e14 / 0.46160924166919e14 0.15295367265633e14 / 0.46160924166919e14 0 0 0 0 0 0; 0 0 0 0 0 1 -0.18918873834560e14 / 0.46160924166919e14 0.33652731131505e14 / 0.46160924166919e14 0 0 0 0 0 0; 0 0 0 0 0 0 -0.33652731131505e14 / 0.46160924166919e14 0.18918873834560e14 / 0.46160924166919e14 1 0 0 0 0 0; 0 0 0 0 0 0 -0.15295367265633e14 / 0.46160924166919e14 0.33759201432074e14 / 0.46160924166919e14 -0.9999379481682931e16 / 0.16980374194919600e17 -0.4105437364842e13 / 0.42450935487299e14 0 0 0 0; 0 0 0 0 0 0 0 -1 -0.857770617902531e15 / 0.2122546774364950e16 -0.9308042337936e13 / 0.42450935487299e14 0 0 0 0; 0 0 0 0 0 0 0 0 -0.10525763124611073e17 / 0.13584299355935680e17 -0.10855838319811e14 / 0.169803741949196e15 -0.13410795241e11 / 0.30765302720e11 0 0 0; 0 0 0 0 0 0 0 0 -0.57417917155317e14 / 0.117106028930480e15 -0.965007121883e12 / 0.1463825361631e13 0.6395904123e10 / 0.7691325680e10 -0.14029782236e11 / 0.28117710761e11 0 0; 0 0 0 0 0 0 0 0 0 1 -0.6057337481e10 / 0.7691325680e10 1 1 0; 0 0 0 0 0 0 0 0 0 0 1 -0.11438939122e11 / 0.28117710761e11 0.68779616762e11 / 0.127840351275e12 0.3e1 / 0.50e2; 0 0 0 0 0 0 0 0 0 0 0 0.13410795241e11 / 0.56235421522e11 0.46909794457e11 / 0.85226900850e11 0.6e1 / 0.25e2; 0 0 0 0 0 0 0 0 0 0 0 0 -0.14029782236e11 / 0.25568070255e11 0.3e1 / 0.5e1; 0 0 0 0 0 0 0 0 0 0 0 0 0 1; 0 0 0 0 0 0 0 0 0 0 0 0 0 0;];

