P10x4 = [1 0 0 0; 0.6e1 / 0.7e1 0.1e1 / 0.7e1 0 0; 0.30e2 / 0.49e2 0.17e2 / 0.49e2 0.2e1 / 0.49e2 0; 0.120e3 / 0.343e3 0.158e3 / 0.343e3 0.59e2 / 0.343e3 0.6e1 / 0.343e3; 0.60e2 / 0.343e3 0.149e3 / 0.343e3 0.110e3 / 0.343e3 0.24e2 / 0.343e3; 0.24e2 / 0.343e3 0.110e3 / 0.343e3 0.149e3 / 0.343e3 0.60e2 / 0.343e3; 0.6e1 / 0.343e3 0.59e2 / 0.343e3 0.158e3 / 0.343e3 0.120e3 / 0.343e3; 0 0.2e1 / 0.49e2 0.17e2 / 0.49e2 0.30e2 / 0.49e2; 0 0 0.1e1 / 0.7e1 0.6e1 / 0.7e1; 0 0 0 1;];

P13x5 = [1 0 0 0 0; 0.4e1 / 0.5e1 0.1e1 / 0.5e1 0 0 0; 0.12e2 / 0.25e2 0.12e2 / 0.25e2 0.1e1 / 0.25e2 0 0; 0.24e2 / 0.125e3 0.78e2 / 0.125e3 0.43e2 / 0.250e3 0.3e1 / 0.250e3 0; 0.6e1 / 0.125e3 0.72e2 / 0.125e3 0.41e2 / 0.125e3 0.6e1 / 0.125e3 0; 0 0.21e2 / 0.50e2 0.23e2 / 0.50e2 0.3e1 / 0.25e2 0; 0 0.6e1 / 0.25e2 0.13e2 / 0.25e2 0.6e1 / 0.25e2 0; 0 0.3e1 / 0.25e2 0.23e2 / 0.50e2 0.21e2 / 0.50e2 0; 0 0.6e1 / 0.125e3 0.41e2 / 0.125e3 0.72e2 / 0.125e3 0.6e1 / 0.125e3; 0 0.3e1 / 0.250e3 0.43e2 / 0.250e3 0.78e2 / 0.125e3 0.24e2 / 0.125e3; 0 0 0.1e1 / 0.25e2 0.12e2 / 0.25e2 0.12e2 / 0.25e2; 0 0 0 0.1e1 / 0.5e1 0.4e1 / 0.5e1; 0 0 0 0 1;];

P16x6 = [1 0 0 0 0 0; 0.4e1 / 0.5e1 0.1e1 / 0.5e1 0 0 0 0; 0.12e2 / 0.25e2 0.47e2 / 0.100e3 0.1e1 / 0.20e2 0 0 0; 0.24e2 / 0.125e3 0.2327e4 / 0.4000e4 0.2233e4 / 0.10400e5 0.3e1 / 0.260e3 0 0; 0.6e1 / 0.125e3 0.497e3 / 0.1000e4 0.1063e4 / 0.2600e4 0.3e1 / 0.65e2 0 0; 0 0.5e1 / 0.16e2 0.119e3 / 0.208e3 0.3e1 / 0.26e2 0 0; 0 0.1e1 / 0.8e1 0.67e2 / 0.104e3 0.3e1 / 0.13e2 0 0; 0 0.1e1 / 0.32e2 0.235e3 / 0.416e3 0.21e2 / 0.52e2 0 0; 0 0 0.21e2 / 0.52e2 0.235e3 / 0.416e3 0.1e1 / 0.32e2 0; 0 0 0.3e1 / 0.13e2 0.67e2 / 0.104e3 0.1e1 / 0.8e1 0; 0 0 0.3e1 / 0.26e2 0.119e3 / 0.208e3 0.5e1 / 0.16e2 0; 0 0 0.3e1 / 0.65e2 0.1063e4 / 0.2600e4 0.497e3 / 0.1000e4 0.6e1 / 0.125e3; 0 0 0.3e1 / 0.260e3 0.2233e4 / 0.10400e5 0.2327e4 / 0.4000e4 0.24e2 / 0.125e3; 0 0 0 0.1e1 / 0.20e2 0.47e2 / 0.100e3 0.12e2 / 0.25e2; 0 0 0 0 0.1e1 / 0.5e1 0.4e1 / 0.5e1; 0 0 0 0 0 1;];

P19x7 = [1 0 0 0 0 0 0; 0.4e1 / 0.5e1 0.1e1 / 0.5e1 0 0 0 0 0; 0.12e2 / 0.25e2 0.47e2 / 0.100e3 0.1e1 / 0.20e2 0 0 0 0; 0.24e2 / 0.125e3 0.2327e4 / 0.4000e4 0.1871e4 / 0.8800e4 0.3e1 / 0.220e3 0 0 0; 0.6e1 / 0.125e3 0.497e3 / 0.1000e4 0.881e3 / 0.2200e4 0.3e1 / 0.55e2 0 0 0; 0 0.5e1 / 0.16e2 0.97e2 / 0.176e3 0.3e1 / 0.22e2 0 0 0; 0 0.1e1 / 0.8e1 0.53e2 / 0.88e2 0.3e1 / 0.11e2 0 0 0; 0 0.1e1 / 0.32e2 0.173e3 / 0.352e3 0.21e2 / 0.44e2 0 0 0; 0 0 0.10e2 / 0.33e2 0.2e1 / 0.3e1 0.1e1 / 0.33e2 0 0; 0 0 0.4e1 / 0.33e2 0.25e2 / 0.33e2 0.4e1 / 0.33e2 0 0; 0 0 0.1e1 / 0.33e2 0.2e1 / 0.3e1 0.10e2 / 0.33e2 0 0; 0 0 0 0.21e2 / 0.44e2 0.173e3 / 0.352e3 0.1e1 / 0.32e2 0; 0 0 0 0.3e1 / 0.11e2 0.53e2 / 0.88e2 0.1e1 / 0.8e1 0; 0 0 0 0.3e1 / 0.22e2 0.97e2 / 0.176e3 0.5e1 / 0.16e2 0; 0 0 0 0.3e1 / 0.55e2 0.881e3 / 0.2200e4 0.497e3 / 0.1000e4 0.6e1 / 0.125e3; 0 0 0 0.3e1 / 0.220e3 0.1871e4 / 0.8800e4 0.2327e4 / 0.4000e4 0.24e2 / 0.125e3; 0 0 0 0 0.1e1 / 0.20e2 0.47e2 / 0.100e3 0.12e2 / 0.25e2; 0 0 0 0 0 0.1e1 / 0.5e1 0.4e1 / 0.5e1; 0 0 0 0 0 0 1;];

P22x8 = [1 0 0 0 0 0 0 0; 0.4e1 / 0.5e1 0.1e1 / 0.5e1 0 0 0 0 0 0; 0.12e2 / 0.25e2 0.47e2 / 0.100e3 0.1e1 / 0.20e2 0 0 0 0 0; 0.24e2 / 0.125e3 0.2327e4 / 0.4000e4 0.1871e4 / 0.8800e4 0.3e1 / 0.220e3 0 0 0 0; 0.6e1 / 0.125e3 0.497e3 / 0.1000e4 0.881e3 / 0.2200e4 0.3e1 / 0.55e2 0 0 0 0; 0 0.5e1 / 0.16e2 0.97e2 / 0.176e3 0.3e1 / 0.22e2 0 0 0 0; 0 0.1e1 / 0.8e1 0.53e2 / 0.88e2 0.3e1 / 0.11e2 0 0 0 0; 0 0.1e1 / 0.32e2 0.173e3 / 0.352e3 0.21e2 / 0.44e2 0 0 0 0; 0 0 0.10e2 / 0.33e2 0.196e3 / 0.297e3 0.1e1 / 0.27e2 0 0 0; 0 0 0.4e1 / 0.33e2 0.217e3 / 0.297e3 0.4e1 / 0.27e2 0 0 0; 0 0 0.1e1 / 0.33e2 0.178e3 / 0.297e3 0.10e2 / 0.27e2 0 0 0; 0 0 0 0.10e2 / 0.27e2 0.178e3 / 0.297e3 0.1e1 / 0.33e2 0 0; 0 0 0 0.4e1 / 0.27e2 0.217e3 / 0.297e3 0.4e1 / 0.33e2 0 0; 0 0 0 0.1e1 / 0.27e2 0.196e3 / 0.297e3 0.10e2 / 0.33e2 0 0; 0 0 0 0 0.21e2 / 0.44e2 0.173e3 / 0.352e3 0.1e1 / 0.32e2 0; 0 0 0 0 0.3e1 / 0.11e2 0.53e2 / 0.88e2 0.1e1 / 0.8e1 0; 0 0 0 0 0.3e1 / 0.22e2 0.97e2 / 0.176e3 0.5e1 / 0.16e2 0; 0 0 0 0 0.3e1 / 0.55e2 0.881e3 / 0.2200e4 0.497e3 / 0.1000e4 0.6e1 / 0.125e3; 0 0 0 0 0.3e1 / 0.220e3 0.1871e4 / 0.8800e4 0.2327e4 / 0.4000e4 0.24e2 / 0.125e3; 0 0 0 0 0 0.1e1 / 0.20e2 0.47e2 / 0.100e3 0.12e2 / 0.25e2; 0 0 0 0 0 0 0.1e1 / 0.5e1 0.4e1 / 0.5e1; 0 0 0 0 0 0 0 1;];

P25x9 = [1 0 0 0 0 0 0 0 0; 0.4e1 / 0.5e1 0.1e1 / 0.5e1 0 0 0 0 0 0 0; 0.12e2 / 0.25e2 0.47e2 / 0.100e3 0.1e1 / 0.20e2 0 0 0 0 0 0; 0.24e2 / 0.125e3 0.2327e4 / 0.4000e4 0.1871e4 / 0.8800e4 0.3e1 / 0.220e3 0 0 0 0 0; 0.6e1 / 0.125e3 0.497e3 / 0.1000e4 0.881e3 / 0.2200e4 0.3e1 / 0.55e2 0 0 0 0 0; 0 0.5e1 / 0.16e2 0.97e2 / 0.176e3 0.3e1 / 0.22e2 0 0 0 0 0; 0 0.1e1 / 0.8e1 0.53e2 / 0.88e2 0.3e1 / 0.11e2 0 0 0 0 0; 0 0.1e1 / 0.32e2 0.173e3 / 0.352e3 0.21e2 / 0.44e2 0 0 0 0 0; 0 0 0.10e2 / 0.33e2 0.196e3 / 0.297e3 0.1e1 / 0.27e2 0 0 0 0; 0 0 0.4e1 / 0.33e2 0.217e3 / 0.297e3 0.4e1 / 0.27e2 0 0 0 0; 0 0 0.1e1 / 0.33e2 0.178e3 / 0.297e3 0.10e2 / 0.27e2 0 0 0 0; 0 0 0 0.10e2 / 0.27e2 0.16e2 / 0.27e2 0.1e1 / 0.27e2 0 0 0; 0 0 0 0.4e1 / 0.27e2 0.19e2 / 0.27e2 0.4e1 / 0.27e2 0 0 0; 0 0 0 0.1e1 / 0.27e2 0.16e2 / 0.27e2 0.10e2 / 0.27e2 0 0 0; 0 0 0 0 0.10e2 / 0.27e2 0.178e3 / 0.297e3 0.1e1 / 0.33e2 0 0; 0 0 0 0 0.4e1 / 0.27e2 0.217e3 / 0.297e3 0.4e1 / 0.33e2 0 0; 0 0 0 0 0.1e1 / 0.27e2 0.196e3 / 0.297e3 0.10e2 / 0.33e2 0 0; 0 0 0 0 0 0.21e2 / 0.44e2 0.173e3 / 0.352e3 0.1e1 / 0.32e2 0; 0 0 0 0 0 0.3e1 / 0.11e2 0.53e2 / 0.88e2 0.1e1 / 0.8e1 0; 0 0 0 0 0 0.3e1 / 0.22e2 0.97e2 / 0.176e3 0.5e1 / 0.16e2 0; 0 0 0 0 0 0.3e1 / 0.55e2 0.881e3 / 0.2200e4 0.497e3 / 0.1000e4 0.6e1 / 0.125e3; 0 0 0 0 0 0.3e1 / 0.220e3 0.1871e4 / 0.8800e4 0.2327e4 / 0.4000e4 0.24e2 / 0.125e3; 0 0 0 0 0 0 0.1e1 / 0.20e2 0.47e2 / 0.100e3 0.12e2 / 0.25e2; 0 0 0 0 0 0 0 0.1e1 / 0.5e1 0.4e1 / 0.5e1; 0 0 0 0 0 0 0 0 1;];

P28x10 = [1 0 0 0 0 0 0 0 0 0; 0.4e1 / 0.5e1 0.1e1 / 0.5e1 0 0 0 0 0 0 0 0; 0.12e2 / 0.25e2 0.47e2 / 0.100e3 0.1e1 / 0.20e2 0 0 0 0 0 0 0; 0.24e2 / 0.125e3 0.2327e4 / 0.4000e4 0.1871e4 / 0.8800e4 0.3e1 / 0.220e3 0 0 0 0 0 0; 0.6e1 / 0.125e3 0.497e3 / 0.1000e4 0.881e3 / 0.2200e4 0.3e1 / 0.55e2 0 0 0 0 0 0; 0 0.5e1 / 0.16e2 0.97e2 / 0.176e3 0.3e1 / 0.22e2 0 0 0 0 0 0; 0 0.1e1 / 0.8e1 0.53e2 / 0.88e2 0.3e1 / 0.11e2 0 0 0 0 0 0; 0 0.1e1 / 0.32e2 0.173e3 / 0.352e3 0.21e2 / 0.44e2 0 0 0 0 0 0; 0 0 0.10e2 / 0.33e2 0.196e3 / 0.297e3 0.1e1 / 0.27e2 0 0 0 0 0; 0 0 0.4e1 / 0.33e2 0.217e3 / 0.297e3 0.4e1 / 0.27e2 0 0 0 0 0; 0 0 0.1e1 / 0.33e2 0.178e3 / 0.297e3 0.10e2 / 0.27e2 0 0 0 0 0; 0 0 0 0.10e2 / 0.27e2 0.16e2 / 0.27e2 0.1e1 / 0.27e2 0 0 0 0; 0 0 0 0.4e1 / 0.27e2 0.19e2 / 0.27e2 0.4e1 / 0.27e2 0 0 0 0; 0 0 0 0.1e1 / 0.27e2 0.16e2 / 0.27e2 0.10e2 / 0.27e2 0 0 0 0; 0 0 0 0 0.10e2 / 0.27e2 0.16e2 / 0.27e2 0.1e1 / 0.27e2 0 0 0; 0 0 0 0 0.4e1 / 0.27e2 0.19e2 / 0.27e2 0.4e1 / 0.27e2 0 0 0; 0 0 0 0 0.1e1 / 0.27e2 0.16e2 / 0.27e2 0.10e2 / 0.27e2 0 0 0; 0 0 0 0 0 0.10e2 / 0.27e2 0.178e3 / 0.297e3 0.1e1 / 0.33e2 0 0; 0 0 0 0 0 0.4e1 / 0.27e2 0.217e3 / 0.297e3 0.4e1 / 0.33e2 0 0; 0 0 0 0 0 0.1e1 / 0.27e2 0.196e3 / 0.297e3 0.10e2 / 0.33e2 0 0; 0 0 0 0 0 0 0.21e2 / 0.44e2 0.173e3 / 0.352e3 0.1e1 / 0.32e2 0; 0 0 0 0 0 0 0.3e1 / 0.11e2 0.53e2 / 0.88e2 0.1e1 / 0.8e1 0; 0 0 0 0 0 0 0.3e1 / 0.22e2 0.97e2 / 0.176e3 0.5e1 / 0.16e2 0; 0 0 0 0 0 0 0.3e1 / 0.55e2 0.881e3 / 0.2200e4 0.497e3 / 0.1000e4 0.6e1 / 0.125e3; 0 0 0 0 0 0 0.3e1 / 0.220e3 0.1871e4 / 0.8800e4 0.2327e4 / 0.4000e4 0.24e2 / 0.125e3; 0 0 0 0 0 0 0 0.1e1 / 0.20e2 0.47e2 / 0.100e3 0.12e2 / 0.25e2; 0 0 0 0 0 0 0 0 0.1e1 / 0.5e1 0.4e1 / 0.5e1; 0 0 0 0 0 0 0 0 0 1;];

