A4x10 = [1 0 0 0 0 0 0 0 0 0; 0 -0.15884e5 / 0.9151e4 0.10760e5 / 0.9151e4 0.128208e6 / 0.64057e5 0.53293e5 / 0.64057e5 -0.50354e5 / 0.64057e5 -0.83662e5 / 0.64057e5 0.52440e5 / 0.64057e5 0 0; 0 0 0.52440e5 / 0.64057e5 -0.83662e5 / 0.64057e5 -0.50354e5 / 0.64057e5 0.53293e5 / 0.64057e5 0.128208e6 / 0.64057e5 0.10760e5 / 0.9151e4 -0.15884e5 / 0.9151e4 0; 0 0 0 0 0 0 0 0 0 1;];

A5x13 = [1 0 0 0 0 0 0 0 0 0 0 0 0; 0 -0.53469e5 / 0.69887e5 0.51377e5 / 0.69887e5 0.5273336e7 / 0.4402881e7 0.2681596e7 / 0.4402881e7 -0.1295432e7 / 0.4402881e7 -0.1138237e7 / 0.1467627e7 -0.433204e6 / 0.4402881e7 0.328208e6 / 0.628983e6 -0.82052e5 / 0.628983e6 0 0 0; 0 0 0.823e3 / 0.1431e4 -0.1820e4 / 0.1431e4 -0.950e3 / 0.1431e4 0.1288e4 / 0.1431e4 0.2749e4 / 0.1431e4 0.1288e4 / 0.1431e4 -0.950e3 / 0.1431e4 -0.1820e4 / 0.1431e4 0.823e3 / 0.1431e4 0 0; 0 0 0 -0.82052e5 / 0.628983e6 0.328208e6 / 0.628983e6 -0.433204e6 / 0.4402881e7 -0.1138237e7 / 0.1467627e7 -0.1295432e7 / 0.4402881e7 0.2681596e7 / 0.4402881e7 0.5273336e7 / 0.4402881e7 0.51377e5 / 0.69887e5 -0.53469e5 / 0.69887e5 0; 0 0 0 0 0 0 0 0 0 0 0 0 1;];

A6x16 = [1 0 0 0 0 0 0 0 0 0 0 0 0 0 0 0; 0 -0.7917e4 / 0.9151e4 0.23899e5 / 0.27453e5 0.83232e5 / 0.64057e5 0.99236e5 / 0.192171e6 -0.99028e5 / 0.192171e6 -0.160037e6 / 0.192171e6 0.33756e5 / 0.64057e5 0 0 0 0 0 0 0 0; 0 0 0.9727e4 / 0.33957e5 -0.22118e5 / 0.33957e5 -0.8798e4 / 0.33957e5 0.21715e5 / 0.33957e5 0.41449e5 / 0.33957e5 0.22432e5 / 0.33957e5 -0.9188e4 / 0.33957e5 -0.27263e5 / 0.33957e5 -0.5645e4 / 0.33957e5 0.5176e4 / 0.11319e5 -0.1294e4 / 0.11319e5 0 0 0; 0 0 0 -0.1294e4 / 0.11319e5 0.5176e4 / 0.11319e5 -0.5645e4 / 0.33957e5 -0.27263e5 / 0.33957e5 -0.9188e4 / 0.33957e5 0.22432e5 / 0.33957e5 0.41449e5 / 0.33957e5 0.21715e5 / 0.33957e5 -0.8798e4 / 0.33957e5 -0.22118e5 / 0.33957e5 0.9727e4 / 0.33957e5 0 0; 0 0 0 0 0 0 0 0 0.33756e5 / 0.64057e5 -0.160037e6 / 0.192171e6 -0.99028e5 / 0.192171e6 0.99236e5 / 0.192171e6 0.83232e5 / 0.64057e5 0.23899e5 / 0.27453e5 -0.7917e4 / 0.9151e4 0; 0 0 0 0 0 0 0 0 0 0 0 0 0 0 0 1;];

A7x19 = [1 0 0 0 0 0 0 0 0 0 0 0 0 0 0 0 0 0 0; 0 -0.7917e4 / 0.9151e4 0.23899e5 / 0.27453e5 0.83232e5 / 0.64057e5 0.99236e5 / 0.192171e6 -0.99028e5 / 0.192171e6 -0.160037e6 / 0.192171e6 0.33756e5 / 0.64057e5 0 0 0 0 0 0 0 0 0 0 0; 0 0 0.1669e4 / 0.5247e4 -0.1270e4 / 0.1749e4 -0.1450e4 / 0.5247e4 0.3793e4 / 0.5247e4 0.211e3 / 0.159e3 0.3104e4 / 0.5247e4 -0.2510e4 / 0.5247e4 -0.1535e4 / 0.1749e4 0.2093e4 / 0.5247e4 0 0 0 0 0 0 0 0; 0 0 0 -0.86e2 / 0.1367e4 0.344e3 / 0.1367e4 -0.1229e4 / 0.12303e5 -0.5384e4 / 0.12303e5 -0.1004e4 / 0.12303e5 0.6196e4 / 0.12303e5 0.10501e5 / 0.12303e5 0.6196e4 / 0.12303e5 -0.1004e4 / 0.12303e5 -0.5384e4 / 0.12303e5 -0.1229e4 / 0.12303e5 0.344e3 / 0.1367e4 -0.86e2 / 0.1367e4 0 0 0; 0 0 0 0 0 0 0 0 0.2093e4 / 0.5247e4 -0.1535e4 / 0.1749e4 -0.2510e4 / 0.5247e4 0.3104e4 / 0.5247e4 0.211e3 / 0.159e3 0.3793e4 / 0.5247e4 -0.1450e4 / 0.5247e4 -0.1270e4 / 0.1749e4 0.1669e4 / 0.5247e4 0 0; 0 0 0 0 0 0 0 0 0 0 0 0.33756e5 / 0.64057e5 -0.160037e6 / 0.192171e6 -0.99028e5 / 0.192171e6 0.99236e5 / 0.192171e6 0.83232e5 / 0.64057e5 0.23899e5 / 0.27453e5 -0.7917e4 / 0.9151e4 0; 0 0 0 0 0 0 0 0 0 0 0 0 0 0 0 0 0 0 1;];

A8x22 = [1 0 0 0 0 0 0 0 0 0 0 0 0 0 0 0 0 0 0 0 0 0; 0 -0.7917e4 / 0.9151e4 0.23899e5 / 0.27453e5 0.83232e5 / 0.64057e5 0.99236e5 / 0.192171e6 -0.99028e5 / 0.192171e6 -0.160037e6 / 0.192171e6 0.33756e5 / 0.64057e5 0 0 0 0 0 0 0 0 0 0 0 0 0 0; 0 0 0.1669e4 / 0.5247e4 -0.1270e4 / 0.1749e4 -0.1450e4 / 0.5247e4 0.3793e4 / 0.5247e4 0.211e3 / 0.159e3 0.3104e4 / 0.5247e4 -0.2510e4 / 0.5247e4 -0.1535e4 / 0.1749e4 0.2093e4 / 0.5247e4 0 0 0 0 0 0 0 0 0 0 0; 0 0 0 -0.258e3 / 0.3773e4 0.1032e4 / 0.3773e4 -0.3719e4 / 0.33957e5 -0.16136e5 / 0.33957e5 -0.2756e4 / 0.33957e5 0.18772e5 / 0.33957e5 0.30799e5 / 0.33957e5 0.15676e5 / 0.33957e5 -0.6626e4 / 0.33957e5 -0.16136e5 / 0.33957e5 0.647e3 / 0.3087e4 0 0 0 0 0 0 0 0; 0 0 0 0 0 0 0 0 0.647e3 / 0.3087e4 -0.16136e5 / 0.33957e5 -0.6626e4 / 0.33957e5 0.15676e5 / 0.33957e5 0.30799e5 / 0.33957e5 0.18772e5 / 0.33957e5 -0.2756e4 / 0.33957e5 -0.16136e5 / 0.33957e5 -0.3719e4 / 0.33957e5 0.1032e4 / 0.3773e4 -0.258e3 / 0.3773e4 0 0 0; 0 0 0 0 0 0 0 0 0 0 0 0.2093e4 / 0.5247e4 -0.1535e4 / 0.1749e4 -0.2510e4 / 0.5247e4 0.3104e4 / 0.5247e4 0.211e3 / 0.159e3 0.3793e4 / 0.5247e4 -0.1450e4 / 0.5247e4 -0.1270e4 / 0.1749e4 0.1669e4 / 0.5247e4 0 0; 0 0 0 0 0 0 0 0 0 0 0 0 0 0 0.33756e5 / 0.64057e5 -0.160037e6 / 0.192171e6 -0.99028e5 / 0.192171e6 0.99236e5 / 0.192171e6 0.83232e5 / 0.64057e5 0.23899e5 / 0.27453e5 -0.7917e4 / 0.9151e4 0; 0 0 0 0 0 0 0 0 0 0 0 0 0 0 0 0 0 0 0 0 0 1;];

A9x25 = [1 0 0 0 0 0 0 0 0 0 0 0 0 0 0 0 0 0 0 0 0 0 0 0 0; 0 -0.7917e4 / 0.9151e4 0.23899e5 / 0.27453e5 0.83232e5 / 0.64057e5 0.99236e5 / 0.192171e6 -0.99028e5 / 0.192171e6 -0.160037e6 / 0.192171e6 0.33756e5 / 0.64057e5 0 0 0 0 0 0 0 0 0 0 0 0 0 0 0 0 0; 0 0 0.1669e4 / 0.5247e4 -0.1270e4 / 0.1749e4 -0.1450e4 / 0.5247e4 0.3793e4 / 0.5247e4 0.211e3 / 0.159e3 0.3104e4 / 0.5247e4 -0.2510e4 / 0.5247e4 -0.1535e4 / 0.1749e4 0.2093e4 / 0.5247e4 0 0 0 0 0 0 0 0 0 0 0 0 0 0; 0 0 0 -0.258e3 / 0.3773e4 0.1032e4 / 0.3773e4 -0.3719e4 / 0.33957e5 -0.16136e5 / 0.33957e5 -0.2756e4 / 0.33957e5 0.18772e5 / 0.33957e5 0.30799e5 / 0.33957e5 0.15676e5 / 0.33957e5 -0.6626e4 / 0.33957e5 -0.16136e5 / 0.33957e5 0.647e3 / 0.3087e4 0 0 0 0 0 0 0 0 0 0 0; 0 0 0 0 0 0 0 0 0.109e3 / 0.477e3 -0.248e3 / 0.477e3 -0.98e2 / 0.477e3 0.244e3 / 0.477e3 0.463e3 / 0.477e3 0.244e3 / 0.477e3 -0.98e2 / 0.477e3 -0.248e3 / 0.477e3 0.109e3 / 0.477e3 0 0 0 0 0 0 0 0; 0 0 0 0 0 0 0 0 0 0 0 0.647e3 / 0.3087e4 -0.16136e5 / 0.33957e5 -0.6626e4 / 0.33957e5 0.15676e5 / 0.33957e5 0.30799e5 / 0.33957e5 0.18772e5 / 0.33957e5 -0.2756e4 / 0.33957e5 -0.16136e5 / 0.33957e5 -0.3719e4 / 0.33957e5 0.1032e4 / 0.3773e4 -0.258e3 / 0.3773e4 0 0 0; 0 0 0 0 0 0 0 0 0 0 0 0 0 0 0.2093e4 / 0.5247e4 -0.1535e4 / 0.1749e4 -0.2510e4 / 0.5247e4 0.3104e4 / 0.5247e4 0.211e3 / 0.159e3 0.3793e4 / 0.5247e4 -0.1450e4 / 0.5247e4 -0.1270e4 / 0.1749e4 0.1669e4 / 0.5247e4 0 0; 0 0 0 0 0 0 0 0 0 0 0 0 0 0 0 0 0 0.33756e5 / 0.64057e5 -0.160037e6 / 0.192171e6 -0.99028e5 / 0.192171e6 0.99236e5 / 0.192171e6 0.83232e5 / 0.64057e5 0.23899e5 / 0.27453e5 -0.7917e4 / 0.9151e4 0; 0 0 0 0 0 0 0 0 0 0 0 0 0 0 0 0 0 0 0 0 0 0 0 0 1;];

